6 9 
1.6393058267873314e-01 1.8122193134258457e-01 2.4471913826513328e-01 5.8728571958814846e-01 1.3868852241476218e-01 1.2897214125861087e-01 2.2394078267247580e-02
2.0567151029619724e-01 2.4873569137690582e-01 3.7892007840112862e-01 9.2720723790814985e-01 7.3834134936441753e-01 7.1117950765051369e-02 1.4149783083880365e-02
2.5693646341085230e-01 8.1299528850109171e-01 3.4038249103855456e-01 9.8836203223142172e-01 7.6988056819762440e-01 5.6651316320263900e-01 1.9594455306155022e-02
1.9669440851030884e-01 7.4627131757179010e-01 8.6725876327788831e-01 6.2512970086930875e-01 5.3156587940862565e-01 2.4601547629250850e-01 2.4484092921897443e-02
7.9492857512177018e-01 2.7505802218309938e-01 3.5050623458386765e-01 8.9954000094407638e-01 7.8632994967787628e-01 9.1413452224563596e-02 9.9297333035995999e-03
7.9992362687587848e-01 2.3865570432375413e-01 3.5572120736854690e-01 9.8141568817835667e-01 7.3320316520045892e-01 6.1615843427178829e-01 1.4592833845682105e-02
7.4220536193805187e-01 1.9089416801343220e-01 8.8445735569607842e-01 6.1050200891656703e-01 4.8871577401068117e-01 3.2485158646890538e-01 2.3022303280670151e-02
8.1906343636866408e-01 8.3974537265614579e-01 1.1448119092903503e-01 4.8609699512194054e-01 3.6454343800823336e-01 1.3459903051845615e-01 2.1628010261835019e-02
7.4285977567501915e-01 7.5765852776964493e-01 7.7516636231568525e-01 9.6222412625160170e-01 2.3925684947754947e-01 2.1279734643003059e-02 1.6871376395699380e-02
